%YAML:1.0
max_triangle_count: 1000000
max_vertex_count:   1000000