%YAML:1.0
fx:              481.2
fy:              -480
cx:              319.5
cy:              239.5
min_depth_range: 0.5
max_depth_range: 5.0
height:          480
width:           640