%YAML:1.0
fx:              517.3
fy:              516.5
cx:              318.6
cy:              255.3
min_depth_range: 0.5
max_depth_range: 5.0
height:          480
width:           640